

애로 제외
로맨스
1241179
1237237
1241186
1236225
1240625
1236234
1248485
1238488
1231995
1240773
1248390
1252509
1254604
1247475
1248482
1248484
1268663
1261947
1255643
1268660
1275519
1275522
1297098
1297104
1297095
1465984
1608457
1237482
1237493
1237505
1237499
1228483
1237496
1231295
1024015
1234720
1236814
1239122
1233728
1232266
1231426
1297107
1240781
1242173
1230972
1242168
1238490
1242163
1231924
1236401
1241615
1239436
1232186
1241612
1248394
1242606
1242610
1236232
1231914
1233759
1236387
1252499
1231821
1236236
1232221
1225482
1241190
1232177
1248488
1232226
1232188
1236227
1241772
1236334
1016312
1016042
971801
1016039
974821
975247
1016036
1016021
1016023
990378
1016035
1016020
1016019
1016026
1016011
1016018
992827
1016015
1016013
992824
1016012
1016008
1015991
1015996
1015983
1015972
1016002
1016006
1232809
1015971
1236002
1143209
1242788
721187
1236183
787074
1018291
1018289
854692
1016311
888696
1240346
854691
1016297
1016301
1016309
901506
920353
1016279
925280
1016283
1016276
1245176
1016280
1016277
900501
1016282
854703
919602
1016275
1016166
1016163
995866
1016165
1016171
854687
1016160
1016151
1016157
1016154
944074
1016152
1016156
917097
884419
1229007
936559
961587
1237169
1016147
1016148
1016139
1016142
1016144
1016140
1299280
1016145
892222
1016126
1016131
1018270
900081
970145
1016117
1016130
1016138
1016132
1016119
1016125
978726
1016097
1016103
1016099
1016109
1016113
900086
1016114
1016106
1016088
1016076
1016063
1016086
1016082
1016072
1016074
926476
910441
1240828
930114
1240815


드라마
799348
826945
853282
853372
853383
884063
923018
938086
938162
938163
938590
938594
938885
944496
1294389
1310449
1316057
1319419
1333273
1354959
1362833
1472610
1496745
1525585
1535657
1553985
1094447
1154321
1259615
1280340
1220985
1255682
1251610
1224552
1245967
1199872
1240875
1129931
1106559
1180379
1146503
1234000
1325855


드라마, 로맨스
823883
852319
852358
852361
852401
852881
852883
853131
853689
853696
854663
854696
878703
918487
926182
932409
934246
938085
938090
938092
938094
938877
941750
948628
954683
978007
1013068
1018292
1018293
1732237
983294
1021577
1021579
1732385
1380898
1088888
1125633
1223142
1212163
1215983
1218141
1227545
1205087
1190586
1210413
1187853
1171345
1202569
1173494
1134764
1183959
1152114


로맨스, 드라마
1231813
1231818
1166580
1231767
1099639



로맨스, 역사
1560592


드라마, 코미디
810509


장르없음
1474807
1286262
1285600
952033
1166588
1090287
1649755
470842
1147323

외국애로?
1666186
